4294967294,0
4294967294,472
4294967279,290
4294967294,46
4294967279,169
4294967279,166
4294967279,164
4294967294,30
4294967294,942
4294967294,941
4294967294,938
4294967294,933
4294967294,158
4294967294,157
4294967294,156
4294967294,155
4294967294,60
4294967294,50
4294967294,92
4294967294,88
4294967294,81
4294967294,1414
4294967279,163
4294967279,540
4294967279,0
4294967279,280
4294967294,1418
4294967294,6
4294967294,22
4294967294,99
4294967279,150
4294967278,132
4294967278,131
4294967278,130
4294967278,129
4294967278,128
4294967278,127
4294967278,251
4294967278,126
4294967278,125
4294967278,124
4294967278,445
4294967278,123
4294967278,122
4294967278,342
4294967278,121
4294967278,120
4294967278,119
4294967278,118
4294967278,117
4294967278,116
4294967278,115
4294967278,114
4294967278,378
4294967278,113
4294967278,327
4294967278,112
4294967278,111
4294967278,408
4294967278,110
4294967278,109
4294967278,108
4294967278,107
4294967278,106
4294967278,105
4294967278,364
4294967278,104
4294967278,397
4294967278,103
4294967278,334
4294967278,102
4294967278,417
4294967278,101
4294967278,100
4294967278,293
4294967278,99
4294967278,98
4294967278,97
4294967278,96
4294967278,95
4294967278,349
4294967278,217
4294967278,94
4294967278,93
4294967278,92
4294967278,91
4294967278,90
4294967278,271
4294967278,89
4294967278,363
4294967278,87
4294967278,336
4294967278,86
4294967278,85
4294967278,426
4294967278,84
4294967278,83
4294967278,82
4294967278,81
4294967278,80
4294967278,362
4294967278,79
4294967278,78
4294967278,77
4294967278,76
4294967278,75
4294967278,266
4294967278,74
4294967278,73
4294967278,72
4294967278,352
4294967278,71
4294967278,384
4294967278,70
4294967278,69
4294967278,68
4294967278,67
4294967278,66
4294967278,65
4294967278,64
4294967278,63
4294967278,62
4294967278,0
4294967278,260
4294967279,83
4294967279,80
4294967279,313
4294967279,376
4294967279,72
4294967279,69
4294967279,66
4294967279,64
4294967279,63
4294967279,61
4294967279,60
4294967279,59
4294967279,322
4294967279,312
4294967279,56
4294967279,50
4294967279,556
4294967279,46
4294967279,529
4294967279,44
4294967279,41
4294967279,39
4294967279,37
4294967279,288
4294967279,33
4294967279,568
4294967279,29
4294967279,360
4294967279,27
4294967279,26
4294967279,552
4294967279,24
4294967279,260
4294967279,574
4294967279,23
4294967279,348
4294967279,18
4294967279,15
4294967279,13
4294967279,11
4294967279,356
4294967279,298
4294967279,9
4294967279,346
4294967279,8
4294967279,7
4294967279,269
4294967279,6
4294967279,5
4294967279,4
657,4
4294967294,5
4294967294,939
4294967294,922
4294967294,436
0,5
4294967279,148
4294967294,12
4294967294,920
4294967294,27
4294967294,93
4294967294,95
4294967294,7
4294967294,17
4294967294,67
4294967294,76
4294967294,41
4294967294,1416
4294967294,43
4294967294,417
4294967294,51
4294967294,52
4294967294,394
4294967294,24
4294967294,25
4294967294,946
4294967294,26
4294967294,970
4294967294,973
4294967294,82
4294967294,83
4294967294,11
4294967294,68
4294967278,437
4294967279,553
4294967294,1420
687,6
687,5
687,4
687,3
687,2
687,1
4294967279,371
4294967279,369
684,5
684,4
684,3
684,2
684,1
4294967279,544
4294967278,435
682,7
682,6
682,5
682,4
682,3
682,2
682,1
4294967279,367
4294967278,366
4294967278,219
4294967279,366
4294967279,365
678,5
678,4
678,3
678,2
678,1
4294967279,364
676,6
676,5
676,4
676,3
676,2
676,1
675,5
675,4
675,3
675,2
675,1
4294967294,475
674,5
674,4
674,3
674,2
674,1
4294967278,430
4294967278,409
673,5
673,4
673,3
673,2
673,1
4294967294,474
671,4
671,3
671,2
671,1
4294967279,363
4294967279,514
4294967279,513
4294967278,405
4294967278,390
4294967279,339
4294967293,131
4294967293,130
4294967293,129
4294967293,128
4294967293,127
4294967293,126
4294967293,125
4294967293,124
4294967293,123
4294967293,122
4294967293,121
4294967293,120
4294967293,119
4294967293,118
4294967293,117
4294967293,116
4294967293,115
4294967293,114
4294967293,113
4294967293,112
4294967293,111
4294967293,110
4294967293,109
4294967293,108
4294967293,107
4294967293,106
4294967293,105
4294967293,104
4294967293,103
4294967293,102
4294967293,101
4294967293,100
4294967293,99
4294967293,98
4294967293,97
4294967293,96
4294967293,95
4294967293,94
4294967293,93
4294967293,92
4294967293,91
4294967293,90
4294967293,89
4294967293,88
4294967293,87
4294967293,86
4294967293,85
4294967293,84
4294967293,83
4294967293,82
4294967293,81
4294967293,80
4294967293,79
4294967293,78
4294967293,77
4294967293,76
4294967293,75
4294967293,74
